((("PATH" .
   [1 0 0 0])
  ("citation" .
   [0 0 0 0 0 0 0 2])
  ("library" .
   [0 0 0 0 0 0 2])
  ("defun" .
   [0 0 0 2 1])
  ("set" .
   [1 0 0])
  ("bin" .
   [1 1 0])
  ("perl" .
   [3 0 0 0])
  ("map" .
   [4 0 0])
  ("input" .
   [3 0 0 0 1])
  ("input_number" .
   [0 0 0 0 0 1 0 0 0 0 0 3])
  ("input_numbers" .
   [1 0 0 0 0 1 0 0 0 0 0 0 0])
  ("16" .
   [1 0])
  ("32" .
   [1 0])
  ("print" .
   [17 0 0 0 1])
  ("hash" .
   [5 0 0 0])
  ("split" .
   [5 0 0 0 0])
  ("utf8" .
   [1 0 0 0])
  ("results" .
   [1 0 0 0 0 0 0])
  ("digits" .
   [4 0 0 0 0 0])
  ("digit" .
   [0 0 0 0 1])
  ("else" .
   [1 0 0 0])
  ("64" .
   [1 0])
  ("source" .
   [1 0 0 0 0 0])
  ("usr" .
   [2 0 0])
  ("This" .
   [2 0 0 0])
  ("script" .
   [3 0 0 0 0 0])
  ("will" .
   [3 0 0 0])
  ("sub" .
   [3 0 0])
  ("the" .
   [3 0 0])
  ("file" .
   [1 0 0 0])
  ("All" .
   [0 0 1])
  ("p" .
   [3])
  ("ARGV" .
   [3 0 0 0])
  ("pbs" .
   [8 0 0])
  ("die" .
   [1 0 0])
  ("while" .
   [1 0 0 0 0])
  ("shift" .
   [1 0 0 0 0])
  ("current_" .
   [0 0 0 0 0 0 0 1])
  ("current_pbs" .
   [0 0 0 0 0 0 0 0 0 0 1])
  ("command" .
   [2 0 0 1 0 0 0])
  ("have" .
   [1 0 0 0])
  ("submit" .
   [1 0 0 0 0 0])))
